{
 "cells": [
  {
   "cell_type": "code",
   "execution_count": 1,
   "metadata": {},
   "outputs": [],
   "source": [
    "import numpy as np \n",
    "import pandas as pd \n",
    "import matplotlib.pyplot as plt\n",
    "import seaborn as sns\n",
    "from sklearn.model_selection import train_test_split\n",
    "from sklearn.linear_model import LinearRegression\n",
    "\n",
    "%matplotlib inline"
   ]
  },
  {
   "cell_type": "code",
   "execution_count": 4,
   "metadata": {},
   "outputs": [],
   "source": [
    "df = pd.read_csv('diamonds.csv', index_col='Unnamed: 0')"
   ]
  },
  {
   "cell_type": "code",
   "execution_count": 5,
   "metadata": {},
   "outputs": [
    {
     "data": {
      "text/html": [
       "<div>\n",
       "<style scoped>\n",
       "    .dataframe tbody tr th:only-of-type {\n",
       "        vertical-align: middle;\n",
       "    }\n",
       "\n",
       "    .dataframe tbody tr th {\n",
       "        vertical-align: top;\n",
       "    }\n",
       "\n",
       "    .dataframe thead th {\n",
       "        text-align: right;\n",
       "    }\n",
       "</style>\n",
       "<table border=\"1\" class=\"dataframe\">\n",
       "  <thead>\n",
       "    <tr style=\"text-align: right;\">\n",
       "      <th></th>\n",
       "      <th>carat</th>\n",
       "      <th>cut</th>\n",
       "      <th>color</th>\n",
       "      <th>clarity</th>\n",
       "      <th>depth</th>\n",
       "      <th>table</th>\n",
       "      <th>price</th>\n",
       "      <th>x</th>\n",
       "      <th>y</th>\n",
       "      <th>z</th>\n",
       "    </tr>\n",
       "  </thead>\n",
       "  <tbody>\n",
       "    <tr>\n",
       "      <td>1</td>\n",
       "      <td>0.23</td>\n",
       "      <td>Ideal</td>\n",
       "      <td>E</td>\n",
       "      <td>SI2</td>\n",
       "      <td>61.5</td>\n",
       "      <td>55.0</td>\n",
       "      <td>326</td>\n",
       "      <td>3.95</td>\n",
       "      <td>3.98</td>\n",
       "      <td>2.43</td>\n",
       "    </tr>\n",
       "    <tr>\n",
       "      <td>2</td>\n",
       "      <td>0.21</td>\n",
       "      <td>Premium</td>\n",
       "      <td>E</td>\n",
       "      <td>SI1</td>\n",
       "      <td>59.8</td>\n",
       "      <td>61.0</td>\n",
       "      <td>326</td>\n",
       "      <td>3.89</td>\n",
       "      <td>3.84</td>\n",
       "      <td>2.31</td>\n",
       "    </tr>\n",
       "    <tr>\n",
       "      <td>3</td>\n",
       "      <td>0.23</td>\n",
       "      <td>Good</td>\n",
       "      <td>E</td>\n",
       "      <td>VS1</td>\n",
       "      <td>56.9</td>\n",
       "      <td>65.0</td>\n",
       "      <td>327</td>\n",
       "      <td>4.05</td>\n",
       "      <td>4.07</td>\n",
       "      <td>2.31</td>\n",
       "    </tr>\n",
       "    <tr>\n",
       "      <td>4</td>\n",
       "      <td>0.29</td>\n",
       "      <td>Premium</td>\n",
       "      <td>I</td>\n",
       "      <td>VS2</td>\n",
       "      <td>62.4</td>\n",
       "      <td>58.0</td>\n",
       "      <td>334</td>\n",
       "      <td>4.20</td>\n",
       "      <td>4.23</td>\n",
       "      <td>2.63</td>\n",
       "    </tr>\n",
       "    <tr>\n",
       "      <td>5</td>\n",
       "      <td>0.31</td>\n",
       "      <td>Good</td>\n",
       "      <td>J</td>\n",
       "      <td>SI2</td>\n",
       "      <td>63.3</td>\n",
       "      <td>58.0</td>\n",
       "      <td>335</td>\n",
       "      <td>4.34</td>\n",
       "      <td>4.35</td>\n",
       "      <td>2.75</td>\n",
       "    </tr>\n",
       "  </tbody>\n",
       "</table>\n",
       "</div>"
      ],
      "text/plain": [
       "   carat      cut color clarity  depth  table  price     x     y     z\n",
       "1   0.23    Ideal     E     SI2   61.5   55.0    326  3.95  3.98  2.43\n",
       "2   0.21  Premium     E     SI1   59.8   61.0    326  3.89  3.84  2.31\n",
       "3   0.23     Good     E     VS1   56.9   65.0    327  4.05  4.07  2.31\n",
       "4   0.29  Premium     I     VS2   62.4   58.0    334  4.20  4.23  2.63\n",
       "5   0.31     Good     J     SI2   63.3   58.0    335  4.34  4.35  2.75"
      ]
     },
     "execution_count": 5,
     "metadata": {},
     "output_type": "execute_result"
    }
   ],
   "source": [
    "df.head()"
   ]
  },
  {
   "cell_type": "code",
   "execution_count": 6,
   "metadata": {},
   "outputs": [
    {
     "data": {
      "text/plain": [
       "605      132\n",
       "802      127\n",
       "625      126\n",
       "828      125\n",
       "776      124\n",
       "        ... \n",
       "13550      1\n",
       "13014      1\n",
       "6811       1\n",
       "5354       1\n",
       "11600      1\n",
       "Name: price, Length: 11602, dtype: int64"
      ]
     },
     "execution_count": 6,
     "metadata": {},
     "output_type": "execute_result"
    }
   ],
   "source": [
    "df.price.value_counts()"
   ]
  },
  {
   "cell_type": "code",
   "execution_count": 7,
   "metadata": {},
   "outputs": [
    {
     "data": {
      "text/html": [
       "<div>\n",
       "<style scoped>\n",
       "    .dataframe tbody tr th:only-of-type {\n",
       "        vertical-align: middle;\n",
       "    }\n",
       "\n",
       "    .dataframe tbody tr th {\n",
       "        vertical-align: top;\n",
       "    }\n",
       "\n",
       "    .dataframe thead th {\n",
       "        text-align: right;\n",
       "    }\n",
       "</style>\n",
       "<table border=\"1\" class=\"dataframe\">\n",
       "  <thead>\n",
       "    <tr style=\"text-align: right;\">\n",
       "      <th></th>\n",
       "      <th>carat</th>\n",
       "      <th>depth</th>\n",
       "      <th>table</th>\n",
       "      <th>price</th>\n",
       "      <th>x</th>\n",
       "      <th>y</th>\n",
       "      <th>z</th>\n",
       "    </tr>\n",
       "  </thead>\n",
       "  <tbody>\n",
       "    <tr>\n",
       "      <td>carat</td>\n",
       "      <td>1.000000</td>\n",
       "      <td>0.028224</td>\n",
       "      <td>0.181618</td>\n",
       "      <td>0.921591</td>\n",
       "      <td>0.975094</td>\n",
       "      <td>0.951722</td>\n",
       "      <td>0.953387</td>\n",
       "    </tr>\n",
       "    <tr>\n",
       "      <td>depth</td>\n",
       "      <td>0.028224</td>\n",
       "      <td>1.000000</td>\n",
       "      <td>-0.295779</td>\n",
       "      <td>-0.010647</td>\n",
       "      <td>-0.025289</td>\n",
       "      <td>-0.029341</td>\n",
       "      <td>0.094924</td>\n",
       "    </tr>\n",
       "    <tr>\n",
       "      <td>table</td>\n",
       "      <td>0.181618</td>\n",
       "      <td>-0.295779</td>\n",
       "      <td>1.000000</td>\n",
       "      <td>0.127134</td>\n",
       "      <td>0.195344</td>\n",
       "      <td>0.183760</td>\n",
       "      <td>0.150929</td>\n",
       "    </tr>\n",
       "    <tr>\n",
       "      <td>price</td>\n",
       "      <td>0.921591</td>\n",
       "      <td>-0.010647</td>\n",
       "      <td>0.127134</td>\n",
       "      <td>1.000000</td>\n",
       "      <td>0.884435</td>\n",
       "      <td>0.865421</td>\n",
       "      <td>0.861249</td>\n",
       "    </tr>\n",
       "    <tr>\n",
       "      <td>x</td>\n",
       "      <td>0.975094</td>\n",
       "      <td>-0.025289</td>\n",
       "      <td>0.195344</td>\n",
       "      <td>0.884435</td>\n",
       "      <td>1.000000</td>\n",
       "      <td>0.974701</td>\n",
       "      <td>0.970772</td>\n",
       "    </tr>\n",
       "    <tr>\n",
       "      <td>y</td>\n",
       "      <td>0.951722</td>\n",
       "      <td>-0.029341</td>\n",
       "      <td>0.183760</td>\n",
       "      <td>0.865421</td>\n",
       "      <td>0.974701</td>\n",
       "      <td>1.000000</td>\n",
       "      <td>0.952006</td>\n",
       "    </tr>\n",
       "    <tr>\n",
       "      <td>z</td>\n",
       "      <td>0.953387</td>\n",
       "      <td>0.094924</td>\n",
       "      <td>0.150929</td>\n",
       "      <td>0.861249</td>\n",
       "      <td>0.970772</td>\n",
       "      <td>0.952006</td>\n",
       "      <td>1.000000</td>\n",
       "    </tr>\n",
       "  </tbody>\n",
       "</table>\n",
       "</div>"
      ],
      "text/plain": [
       "          carat     depth     table     price         x         y         z\n",
       "carat  1.000000  0.028224  0.181618  0.921591  0.975094  0.951722  0.953387\n",
       "depth  0.028224  1.000000 -0.295779 -0.010647 -0.025289 -0.029341  0.094924\n",
       "table  0.181618 -0.295779  1.000000  0.127134  0.195344  0.183760  0.150929\n",
       "price  0.921591 -0.010647  0.127134  1.000000  0.884435  0.865421  0.861249\n",
       "x      0.975094 -0.025289  0.195344  0.884435  1.000000  0.974701  0.970772\n",
       "y      0.951722 -0.029341  0.183760  0.865421  0.974701  1.000000  0.952006\n",
       "z      0.953387  0.094924  0.150929  0.861249  0.970772  0.952006  1.000000"
      ]
     },
     "execution_count": 7,
     "metadata": {},
     "output_type": "execute_result"
    }
   ],
   "source": [
    "df.corr()"
   ]
  },
  {
   "cell_type": "code",
   "execution_count": 8,
   "metadata": {},
   "outputs": [],
   "source": [
    "features = [col for col in df.columns if col != 'price']\n",
    "X = df.loc[:, features]\n",
    "y = df.loc[:, 'price']"
   ]
  },
  {
   "cell_type": "code",
   "execution_count": 10,
   "metadata": {},
   "outputs": [],
   "source": [
    "X_train, X_test, y_train, y_test = train_test_split(X, y, random_state= 42)"
   ]
  },
  {
   "cell_type": "code",
   "execution_count": null,
   "metadata": {},
   "outputs": [],
   "source": []
  }
 ],
 "metadata": {
  "kernelspec": {
   "display_name": "Python [conda env:learn-env] *",
   "language": "python",
   "name": "conda-env-learn-env-py"
  },
  "language_info": {
   "codemirror_mode": {
    "name": "ipython",
    "version": 3
   },
   "file_extension": ".py",
   "mimetype": "text/x-python",
   "name": "python",
   "nbconvert_exporter": "python",
   "pygments_lexer": "ipython3",
   "version": "3.6.9"
  }
 },
 "nbformat": 4,
 "nbformat_minor": 4
}
